100
102
104
107
109
112
114
116
119
122
124
127
130
133
136
139
142
145
148
151
155
158
161
165
169
172
176
180
184
188
192
196
201
205
210
214
219
224
229
234
239
244
250
255
261
266
272
278
284
291
297
304
310
317
324
331
339
346
354
361
369
378
386
394
403
412
421
430
440
449
459
469
480
490
501
512
523
535
547
559
571
584
596
610
623
637
651
665
680
695
710
726
742
758
775
792
809
827
845
864
883
902
922
942
963
984
1006
1028
1051
1074
1098
1122
1146
1172
1197
1224
1251
1278
1306
1335
1365
1395
1425
1457
1489
1522
1555
1589
1624
1660
1697
1734
1772
1811
1851
1892
1934
1976
2020
2064
2110
2156
2203
2252
2302
2352
2404
2457
2511
2566
2623
2681
2740
2800
2862
2925
2989
3055
3122
3191
3261
3333
3406
3481
3558
3636
3716
3798
3882
3967
4055
4144
4235
4328
4424
4521
4621
4722
4826
4933
5041
5152
5266
5382
5500
5621
5745
5871
6001
6133
6268
6406
6547
6691
6838
6989
7143
7300
7461
7625
7793
7965
8140
8319
8502
8690
8881
9076
9276
9481
9689
9903
10121
10344
10571
10804
11042
11285
11534
11787
12047
12312
12583
12860
13144
13433
13729
14031
14340
14656
14978
15308
15645
15990
16342
16702
17069
17445
17829
18222
18623
19033
19452
19880
20318
20765
21223
21690
22168
22656
23154
23664
24185
24718
25262
25818
26387
26968
27562
28168
28789
29422
30070
30732
31409
32101
32807
33530
34268
35022
35794
36582
37387
38210
39052
39912
40790
41688
42606
43544
44503
45483
46484
47508
48554
49623
50716
51832
52974
54140
55332
56550
57795
59068
60368
61698
63056
64445
65863
67314
68796
70310
71859
73441
75058
76710
78399
80126
81890
83693
85536
87419
89344
91311
93321
95376
97476
99622
101816
104058
106349
108690
111083
113529
116029
118584
121195
123863
126590
129378
132226
135138
138113
141154
144262
147438
150685
154002
157393
160859
164401
168020
171720
175501
179365
183314
187350
191475
195691
200000
